intrinsic:
928.47789767486 0.0 640.6216626382484 
0.0 932.0213379293511 365.6453822732321 
0.0 0.0 1.0 
distortion:
0.0468714167203643 -0.17359508675313204 -0.0011428733776016424 0.00011524138122779669 0.11095343550343738 
