intrinsic:
1690.3881947624923 0.0 644.5731648544811 
0.0 1602.6157875404026 256.3346356175317 
0.0 0.0 1.0 
distortion:
-1.3826029920138563 3.923454172438889 0.11797264596755455 0.009673331934193195 -11.416336697025798 
