intrinsic:
1268.8070094960826 0.0 1024.9958652323178 
0.0 1272.6666457275783 539.1365436145691 
0.0 0.0 1.0 
distortion:
-0.41014288115566216 0.23905846720872811 0.0006717172113795599 0.0002695903024525587 -0.09810013324737492 
