intrinsic:
1431.0262396573617 0.0 978.0215361977641 
0.0 1437.5251014779988 560.3498226613276 
0.0 0.0 1.0 
distortion:
0.04247960336722853 -0.18169718150335668 0.0010820684203678552 5.888027594341586e-05 0.13975959821199352 
