intrinsic:
960.7001358854919 0.0 646.3388235854944 
0.0 963.4250599289725 375.2153657353923 
0.0 0.0 1.0 
distortion:
0.05257884692975275 -0.22452334984641717 0.0013498643189435763 -0.000696662391017422 0.19450773991178663 
