intrinsic:
866.1273929949741 0.0 617.3333943755121 
0.0 870.5417870701458 338.1165882543194 
0.0 0.0 1.0 
distortion:
0.04368336272161393 -0.15739206427060107 -0.0020145128253180934 -0.009833426813982625 0.1235097739073268 
