intrinsic:
942.0037607452384 0.0 608.4844267371278 
0.0 944.9693157433289 359.1800253948232 
0.0 0.0 1.0 
distortion:
0.03808740008403297 -0.11101978104361075 -0.0027633873871970496 -0.01337020505659675 0.013780983995927469 
