intrinsic:
932.4691369379549 0.0 651.0369316210076 
0.0 936.0231008514534 359.9806245131594 
0.0 0.0 1.0 
distortion:
0.034705819565476685 -0.23540653365728828 -0.0020110533716242523 0.0002986505193853828 0.36200539038551743 
