intrinsic:
939.1585215422458 0.0 616.0931376377669 
0.0 941.0546336104737 364.9639911161021 
0.0 0.0 1.0 
distortion:
0.014487833679188707 0.08619129972943701 -0.002597778391210596 -0.009013242409426756 -0.6880266555850109 
