intrinsic:
843.2571389755975 0.0 678.6040280753268 
0.0 847.5559184232709 360.0055187830599 
0.0 0.0 1.0 
distortion:
-0.4122965099793292 0.26813582526500884 -0.0007765221273812826 0.00020485206402812568 -0.13219013424729936 
