intrinsic:
839.3123684575465 0.0 681.8608613995966 
0.0 843.3507549233916 368.9415811133232 
0.0 0.0 1.0 
distortion:
-0.4143021409433829 0.2749140958829655 -0.0024626378276888434 -0.001176396981349489 -0.09652754158901918 
