intrinsic:
939.2930181413859 0.0 678.2427363628329 
0.0 939.6971995097679 313.2583484555025 
0.0 0.0 1.0 
distortion:
-0.44737697946851296 0.18878502960083288 0.012992790370252149 0.0008308893692344095 0.021200744954208497 
