intrinsic:
863.1180598436628 0.0 644.928662506138 
0.0 871.3341606007456 363.2466028643206 
0.0 0.0 1.0 
distortion:
-0.41854216187015675 0.21200233986524175 -0.0015211295830036076 0.008300245787987765 -0.06888086201009616 
