intrinsic:
849.7084520321994 0.0 677.1108801788123 
0.0 853.8275636683586 362.90894646981604 
0.0 0.0 1.0 
distortion:
-0.40901565340865226 0.24339766844068667 -0.0009137919249006535 2.8106883114454792e-05 -0.08267151144135967 
